[gd_scene load_steps=8 format=2]

[ext_resource path="res://main.gd" type="Script" id=1]
[ext_resource path="res://objects/mini_plank/mini_plank.tscn" type="PackedScene" id=2]
[ext_resource path="res://objects/bounce_plate/bounce_plate.tscn" type="PackedScene" id=3]
[ext_resource path="res://music/sferephall-track.mp3" type="AudioStream" id=4]

[sub_resource type="SpatialMaterial" id=1]
metallic = 1.0
roughness = 0.17

[sub_resource type="SphereShape" id=2]
radius = 0.2

[sub_resource type="SpatialMaterial" id=4]
albedo_color = Color( 0, 0, 0, 1 )
emission_enabled = true
emission = Color( 1, 0.501961, 0.501961, 1 )
emission_energy = 1.0
emission_operator = 0
emission_on_uv2 = false

[node name="Main" type="Spatial"]
script = ExtResource( 1 )

[node name="Ball" type="RigidBody" parent="."]
can_sleep = false

[node name="BallVisual" type="CSGSphere" parent="Ball"]
radius = 0.2
radial_segments = 24
rings = 12
material = SubResource( 1 )

[node name="CollisionShape" type="CollisionShape" parent="Ball"]
shape = SubResource( 2 )

[node name="SpotLightPivot" type="Spatial" parent="."]

[node name="SpotLightPositive" type="SpotLight" parent="SpotLightPivot"]
transform = Transform( 1, 0, 0, 0, -4.37114e-08, 1, 0, -1, -4.37114e-08, 0, 2, 0 )
light_energy = 0.168
shadow_enabled = true
spot_angle = 19.7683

[node name="SpotLightNegative" type="SpotLight" parent="SpotLightPivot"]
transform = Transform( 1, 0, 0, 0, -4.37114e-08, 1, 0, -1, -4.37114e-08, 0, 2, 0 )
visible = false
light_negative = true
spot_angle = 19.7683

[node name="Level" type="Spatial" parent="."]

[node name="MiniPlank" parent="Level" instance=ExtResource( 2 )]
transform = Transform( 0.996195, 0.084217, 0.0224415, -0.0871557, 0.962605, 0.256507, 1.86265e-09, -0.257487, 0.966282, 0, -6.69503, 5 )

[node name="MiniPlank2" parent="Level" instance=ExtResource( 2 )]
transform = Transform( -0.996195, -0.0859081, -0.0146939, 0.0871557, -0.981935, -0.167951, -1.05239e-07, -0.168593, 0.985686, 0, -6.69503, 0.817782 )

[node name="MiniPlank3" parent="Level" instance=ExtResource( 2 )]
transform = Transform( -0.118892, -0.0947068, -0.98838, 0.0849667, 0.990819, -0.105161, 0.989265, -0.0964823, -0.109754, 7.31386, -8.13587, 3.15511 )

[node name="MiniPlank4" parent="Level" instance=ExtResource( 2 )]
transform = Transform( 0.118893, 0.0783624, 0.98981, -0.0849667, 0.994027, -0.0684904, -0.989265, -0.0759579, 0.124841, 3.16145, -8.21284, 2.66267 )

[node name="MiniPlank5" parent="Level" instance=ExtResource( 2 )]
transform = Transform( 0.621758, 0.135197, 0.771452, 0.0754075, -0.990746, 0.112853, 0.779571, -0.0119938, -0.626199, 7.24224, -9.81534, -2.31673 )

[node name="MiniPlank6" parent="Level" instance=ExtResource( 2 )]
transform = Transform( 0.621758, 0.000818413, -0.783209, 0.0754076, 0.995291, 0.0609031, 0.779571, -0.0969269, 0.618769, 3.97886, -9.92439, 0.296574 )

[node name="MiniPlank7" parent="Level" instance=ExtResource( 2 )]
transform = Transform( -0.621758, -0.135197, 0.771452, -0.0754076, 0.990746, 0.112853, -0.779571, 0.0119937, -0.626199, 3.40432, -10.4742, -6.96819 )

[node name="MiniPlank8" parent="Level" instance=ExtResource( 2 )]
transform = Transform( -0.621758, -0.000818487, -0.783209, -0.0754076, -0.995291, 0.0609032, -0.779571, 0.0969269, 0.618769, 0.140933, -10.5832, -4.35489 )

[node name="bounce_plate" parent="Level" instance=ExtResource( 3 )]
transform = Transform( 1, 0, 0, 0, 0.977918, -0.208987, 0, 0.208987, 0.977918, -0.0268073, -5.26218, -0.179804 )

[node name="bounce_plate2" parent="Level" instance=ExtResource( 3 )]
transform = Transform( 1, 0, 0, 0, -0.999747, 0.0224957, 0, -0.0224957, -0.999747, -0.0268073, -2.79484, 2.517 )

[node name="CameraPivot" type="Spatial" parent="."]

[node name="Camera" type="Camera" parent="CameraPivot"]
transform = Transform( 0.707107, -0.408244, 0.577353, 0, 0.816501, 0.577345, -0.707107, -0.408244, 0.577353, 16, 15.427, 16 )
fov = 30.0

[node name="Target" type="CSGBox" parent="."]
transform = Transform( 1, 0, 0, 0, 1, 0, 0, 0, 1, 0, 0, -4 )
cast_shadow = 0
use_collision = true
width = 0.5
height = 0.5
depth = 0.5
material = SubResource( 4 )

[node name="TrackMusic" type="AudioStreamPlayer" parent="."]
stream = ExtResource( 4 )
autoplay = true
bus = "Music"
