[gd_scene load_steps=23 format=2]

[ext_resource path="res://main.gd" type="Script" id=1]
[ext_resource path="res://objects/mini_plank/mini_plank.tscn" type="PackedScene" id=2]
[ext_resource path="res://objects/bounce_plate/bounce_plate.tscn" type="PackedScene" id=3]
[ext_resource path="res://music/sferephall-track.mp3" type="AudioStream" id=4]

[sub_resource type="SpatialMaterial" id=1]
metallic = 1.0
roughness = 0.17

[sub_resource type="SphereShape" id=2]
radius = 0.2

[sub_resource type="SpatialMaterial" id=4]
albedo_color = Color( 0, 0, 0, 1 )
emission_enabled = true
emission = Color( 1, 0.501961, 0.501961, 1 )
emission_energy = 1.0
emission_operator = 0
emission_on_uv2 = false

[sub_resource type="StyleBoxFlat" id=6]
bg_color = Color( 1, 0.6, 0.34902, 1 )
border_width_left = 2
border_width_top = 2
border_width_right = 2
border_width_bottom = 2
corner_radius_top_left = 10
corner_radius_top_right = 10
corner_radius_bottom_right = 10
corner_radius_bottom_left = 10

[sub_resource type="StyleBoxFlat" id=8]
bg_color = Color( 0.78, 0.3471, 0.078, 1 )
border_width_left = 2
border_width_top = 2
border_width_right = 2
border_width_bottom = 2
corner_radius_top_left = 10
corner_radius_top_right = 10
corner_radius_bottom_right = 10
corner_radius_bottom_left = 10

[sub_resource type="StyleBoxFlat" id=9]
bg_color = Color( 1, 0.53102, 0.235294, 1 )
border_width_left = 2
border_width_top = 2
border_width_right = 2
border_width_bottom = 2
corner_radius_top_left = 10
corner_radius_top_right = 10
corner_radius_bottom_right = 10
corner_radius_bottom_left = 10

[sub_resource type="StyleBoxFlat" id=10]
bg_color = Color( 0.35, 0.35, 1, 1 )
border_width_left = 2
border_width_top = 2
border_width_right = 2
border_width_bottom = 2
corner_radius_top_left = 10
corner_radius_top_right = 10
corner_radius_bottom_right = 10
corner_radius_bottom_left = 10

[sub_resource type="StyleBoxFlat" id=11]
bg_color = Color( 0.0784314, 0.0784314, 0.784314, 1 )
border_width_left = 2
border_width_top = 2
border_width_right = 2
border_width_bottom = 2
corner_radius_top_left = 10
corner_radius_top_right = 10
corner_radius_bottom_right = 10
corner_radius_bottom_left = 10

[sub_resource type="StyleBoxFlat" id=12]
bg_color = Color( 0.235294, 0.235294, 1, 1 )
border_width_left = 2
border_width_top = 2
border_width_right = 2
border_width_bottom = 2
corner_radius_top_left = 10
corner_radius_top_right = 10
corner_radius_bottom_right = 10
corner_radius_bottom_left = 10

[sub_resource type="StyleBoxFlat" id=13]
bg_color = Color( 1, 0.34902, 0.34902, 1 )
border_width_left = 2
border_width_top = 2
border_width_right = 2
border_width_bottom = 2
corner_radius_top_left = 10
corner_radius_top_right = 10
corner_radius_bottom_right = 10
corner_radius_bottom_left = 10

[sub_resource type="StyleBoxFlat" id=14]
bg_color = Color( 0.784314, 0.0784314, 0.0784314, 1 )
border_width_left = 2
border_width_top = 2
border_width_right = 2
border_width_bottom = 2
corner_radius_top_left = 10
corner_radius_top_right = 10
corner_radius_bottom_right = 10
corner_radius_bottom_left = 10

[sub_resource type="StyleBoxFlat" id=15]
bg_color = Color( 1, 0.235294, 0.235294, 1 )
border_width_left = 2
border_width_top = 2
border_width_right = 2
border_width_bottom = 2
corner_radius_top_left = 10
corner_radius_top_right = 10
corner_radius_bottom_right = 10
corner_radius_bottom_left = 10

[sub_resource type="StyleBoxFlat" id=16]
bg_color = Color( 0.35, 1, 0.35, 1 )
border_width_left = 2
border_width_top = 2
border_width_right = 2
border_width_bottom = 2
corner_radius_top_left = 10
corner_radius_top_right = 10
corner_radius_bottom_right = 10
corner_radius_bottom_left = 10

[sub_resource type="StyleBoxFlat" id=17]
bg_color = Color( 0.078, 0.78, 0.078, 1 )
border_width_left = 2
border_width_top = 2
border_width_right = 2
border_width_bottom = 2
corner_radius_top_left = 10
corner_radius_top_right = 10
corner_radius_bottom_right = 10
corner_radius_bottom_left = 10

[sub_resource type="StyleBoxFlat" id=18]
bg_color = Color( 0.235294, 1, 0.235294, 1 )
border_width_left = 2
border_width_top = 2
border_width_right = 2
border_width_bottom = 2
corner_radius_top_left = 10
corner_radius_top_right = 10
corner_radius_bottom_right = 10
corner_radius_bottom_left = 10

[sub_resource type="StyleBoxFlat" id=19]
bg_color = Color( 1, 1, 1, 1 )
border_width_left = 2
border_width_top = 2
border_width_right = 2
border_width_bottom = 2
corner_radius_top_left = 10
corner_radius_top_right = 10
corner_radius_bottom_right = 10
corner_radius_bottom_left = 10

[sub_resource type="StyleBoxFlat" id=20]
bg_color = Color( 0.78, 0.78, 0.78, 1 )
border_width_left = 2
border_width_top = 2
border_width_right = 2
border_width_bottom = 2
corner_radius_top_left = 10
corner_radius_top_right = 10
corner_radius_bottom_right = 10
corner_radius_bottom_left = 10

[sub_resource type="StyleBoxFlat" id=21]
bg_color = Color( 1, 1, 1, 1 )
border_width_left = 2
border_width_top = 2
border_width_right = 2
border_width_bottom = 2
corner_radius_top_left = 10
corner_radius_top_right = 10
corner_radius_bottom_right = 10
corner_radius_bottom_left = 10

[node name="Main" type="Spatial"]
script = ExtResource( 1 )

[node name="Ball" type="RigidBody" parent="."]
can_sleep = false

[node name="BallVisual" type="CSGSphere" parent="Ball"]
radius = 0.2
radial_segments = 24
rings = 12
material = SubResource( 1 )

[node name="CollisionShape" type="CollisionShape" parent="Ball"]
shape = SubResource( 2 )

[node name="SpotLightPivot" type="Spatial" parent="."]

[node name="SpotLightPositive" type="SpotLight" parent="SpotLightPivot"]
transform = Transform( 1, 0, 0, 0, -4.37114e-08, 1, 0, -1, -4.37114e-08, 0, 2, 0 )
light_energy = 0.168
shadow_enabled = true
spot_angle = 19.7683

[node name="SpotLightNegative" type="SpotLight" parent="SpotLightPivot"]
transform = Transform( 1, 0, 0, 0, -4.37114e-08, 1, 0, -1, -4.37114e-08, 0, 2, 0 )
visible = false
light_negative = true
spot_angle = 19.7683

[node name="Level" type="Spatial" parent="."]

[node name="MiniPlank" parent="Level" instance=ExtResource( 2 )]
transform = Transform( 0.996195, 0.084217, 0.0224415, -0.0871557, 0.962605, 0.256507, 1.86265e-09, -0.257487, 0.966282, 0, -6.69503, 5 )

[node name="MiniPlank2" parent="Level" instance=ExtResource( 2 )]
transform = Transform( -0.996195, -0.0859081, -0.0146939, 0.0871557, -0.981935, -0.167951, -1.05239e-07, -0.168593, 0.985686, 0, -6.69503, 0.817782 )

[node name="MiniPlank3" parent="Level" instance=ExtResource( 2 )]
transform = Transform( -0.118892, -0.0947068, -0.98838, 0.0849667, 0.990819, -0.105161, 0.989265, -0.0964823, -0.109754, 7.31386, -8.13587, 3.15511 )

[node name="MiniPlank4" parent="Level" instance=ExtResource( 2 )]
transform = Transform( 0.118893, 0.0783624, 0.98981, -0.0849667, 0.994027, -0.0684904, -0.989265, -0.0759579, 0.124841, 3.16145, -8.21284, 2.66267 )

[node name="MiniPlank5" parent="Level" instance=ExtResource( 2 )]
transform = Transform( 0.621758, 0.135197, 0.771452, 0.0754075, -0.990746, 0.112853, 0.779571, -0.0119938, -0.626199, 7.24224, -9.81534, -2.31673 )

[node name="MiniPlank6" parent="Level" instance=ExtResource( 2 )]
transform = Transform( 0.621758, 0.000818413, -0.783209, 0.0754076, 0.995291, 0.0609031, 0.779571, -0.0969269, 0.618769, 3.97886, -9.92439, 0.296574 )

[node name="MiniPlank7" parent="Level" instance=ExtResource( 2 )]
transform = Transform( -0.621758, -0.135197, 0.771452, -0.0754076, 0.990746, 0.112853, -0.779571, 0.0119937, -0.626199, 3.40432, -10.4742, -6.96819 )

[node name="MiniPlank8" parent="Level" instance=ExtResource( 2 )]
transform = Transform( -0.621758, -0.000818487, -0.783209, -0.0754076, -0.995291, 0.0609032, -0.779571, 0.0969269, 0.618769, 0.140933, -10.5832, -4.35489 )

[node name="bounce_plate" parent="Level" instance=ExtResource( 3 )]
transform = Transform( 1, 0, 0, 0, 0.977918, -0.208987, 0, 0.208987, 0.977918, -0.0268073, -5.26218, -0.179804 )

[node name="bounce_plate3" parent="Level" instance=ExtResource( 3 )]
transform = Transform( 1, 0, 0, 0, 0.977918, -0.208987, 0, 0.208987, 0.977918, -2.21578, -11.6262, -8.68044 )

[node name="bounce_plate2" parent="Level" instance=ExtResource( 3 )]
transform = Transform( 1, 0, 0, 0, -0.999747, 0.0224957, 0, -0.0224957, -0.999747, -0.0268073, -2.79484, 2.517 )

[node name="CameraPivot" type="Spatial" parent="."]

[node name="Camera" type="Camera" parent="CameraPivot"]
transform = Transform( 0.707107, -0.408244, 0.577353, 0, 0.816501, 0.577345, -0.707107, -0.408244, 0.577353, 16, 15.427, 16 )
fov = 30.0

[node name="Target" type="CSGBox" parent="."]
transform = Transform( 1, 0, 0, 0, 1, 0, 0, 0, 1, 0, 0, -4 )
cast_shadow = 0
use_collision = true
width = 0.5
height = 0.5
depth = 0.5
material = SubResource( 4 )

[node name="TrackMusic" type="AudioStreamPlayer" parent="."]
stream = ExtResource( 4 )
autoplay = true
bus = "Music"

[node name="HBoxContainer" type="HBoxContainer" parent="."]
anchor_left = 0.5
anchor_top = 0.98
anchor_right = 0.5
anchor_bottom = 0.98
margin_left = -216.0
margin_top = -80.0
margin_right = 216.0

[node name="ButtonExplosive" type="Button" parent="HBoxContainer"]
margin_right = 80.0
margin_bottom = 80.0
rect_min_size = Vector2( 80, 80 )
custom_colors/font_color_disabled = Color( 0, 0, 0, 1 )
custom_colors/font_color_focus = Color( 0, 0, 0, 1 )
custom_colors/font_color = Color( 0, 0, 0, 1 )
custom_colors/font_color_hover = Color( 0, 0, 0, 1 )
custom_colors/font_color_pressed = Color( 0, 0, 0, 1 )
custom_styles/hover = SubResource( 6 )
custom_styles/pressed = SubResource( 8 )
custom_styles/normal = SubResource( 9 )
text = "EXPLOSIVE"

[node name="MarginContainer" type="MarginContainer" parent="HBoxContainer"]
margin_left = 84.0
margin_right = 84.0
margin_bottom = 80.0

[node name="ButtonAntigrav" type="Button" parent="HBoxContainer"]
margin_left = 88.0
margin_right = 168.0
margin_bottom = 80.0
rect_min_size = Vector2( 80, 80 )
custom_colors/font_color_disabled = Color( 0, 0, 0, 1 )
custom_colors/font_color_focus = Color( 0, 0, 0, 1 )
custom_colors/font_color = Color( 0, 0, 0, 1 )
custom_colors/font_color_hover = Color( 0, 0, 0, 1 )
custom_colors/font_color_pressed = Color( 0, 0, 0, 1 )
custom_styles/hover = SubResource( 10 )
custom_styles/pressed = SubResource( 11 )
custom_styles/normal = SubResource( 12 )
text = "ANTIGRAV"

[node name="MarginContainer2" type="MarginContainer" parent="HBoxContainer"]
margin_left = 172.0
margin_right = 172.0
margin_bottom = 80.0

[node name="ButtonDampen" type="Button" parent="HBoxContainer"]
margin_left = 176.0
margin_right = 256.0
margin_bottom = 80.0
rect_min_size = Vector2( 80, 80 )
custom_colors/font_color_disabled = Color( 0, 0, 0, 1 )
custom_colors/font_color_focus = Color( 0, 0, 0, 1 )
custom_colors/font_color = Color( 0, 0, 0, 1 )
custom_colors/font_color_hover = Color( 0, 0, 0, 1 )
custom_colors/font_color_pressed = Color( 0, 0, 0, 1 )
custom_styles/hover = SubResource( 13 )
custom_styles/pressed = SubResource( 14 )
custom_styles/normal = SubResource( 15 )
text = "DAMPEN"

[node name="MarginContainer3" type="MarginContainer" parent="HBoxContainer"]
margin_left = 260.0
margin_right = 260.0
margin_bottom = 80.0

[node name="ButtonBarrier" type="Button" parent="HBoxContainer"]
margin_left = 264.0
margin_right = 344.0
margin_bottom = 80.0
rect_min_size = Vector2( 80, 80 )
custom_colors/font_color_disabled = Color( 0, 0, 0, 1 )
custom_colors/font_color_focus = Color( 0, 0, 0, 1 )
custom_colors/font_color = Color( 0, 0, 0, 1 )
custom_colors/font_color_hover = Color( 0, 0, 0, 1 )
custom_colors/font_color_pressed = Color( 0, 0, 0, 1 )
custom_styles/hover = SubResource( 16 )
custom_styles/pressed = SubResource( 17 )
custom_styles/normal = SubResource( 18 )
text = "BARRIER"

[node name="MarginContainer4" type="MarginContainer" parent="HBoxContainer"]
margin_left = 348.0
margin_right = 348.0
margin_bottom = 80.0

[node name="ButtonSlowMotion" type="Button" parent="HBoxContainer"]
margin_left = 352.0
margin_right = 432.0
margin_bottom = 80.0
rect_min_size = Vector2( 80, 80 )
custom_colors/font_color_disabled = Color( 0, 0, 0, 1 )
custom_colors/font_color_focus = Color( 0, 0, 0, 1 )
custom_colors/font_color = Color( 0, 0, 0, 1 )
custom_colors/font_color_hover = Color( 0, 0, 0, 1 )
custom_colors/font_color_pressed = Color( 0, 0, 0, 1 )
custom_styles/hover = SubResource( 19 )
custom_styles/pressed = SubResource( 20 )
custom_styles/normal = SubResource( 21 )
text = "SLO-MO"
